0.0000 	 72.3655 	 -371.3364 	 -50.2591 	 381.6457
1.0000 	 421.5417 	 100.6696 	 422.7568 	 605.4379
2.0000 	 -141.1526 	 60.9790 	 10.7750 	 154.1382
3.0000 	 202.1441 	 30.0346 	 365.7113 	 418.9380
4.0000 	 324.8957 	 53.6072 	 -14.0674 	 329.5889
5.0000 	 279.6022 	 406.3462 	 13.8876 	 493.4445
6.0000 	 -25.0924 	 -295.9144 	 13.1117 	 297.2656
7.0000 	 74.4513 	 -57.6755 	 -38.0773 	 101.5842
8.0000 	 215.6961 	 -364.5290 	 25.6964 	 424.3424
9.0000 	 -256.7143 	 31.3861 	 -87.9919 	 273.1847
10.0000 	 32.4250 	 -115.6259 	 -180.3720 	 216.6905
11.0000 	 255.2600 	 75.5750 	 -83.3712 	 278.9624
12.0000 	 243.2032 	 23.9435 	 85.4421 	 258.8850
13.0000 	 -466.6351 	 121.0394 	 235.2065 	 536.3962
14.0000 	 -161.4950 	 -43.6651 	 221.1939 	 277.3337
15.0000 	 -331.8956 	 -84.3830 	 211.3436 	 402.4193
16.0000 	 108.8710 	 -62.8043 	 110.9758 	 167.6691
17.0000 	 -61.4471 	 -69.3778 	 -278.1338 	 293.1680
18.0000 	 108.4613 	 -36.3699 	 -33.2559 	 119.1326
19.0000 	 -94.7593 	 85.2535 	 170.2799 	 212.7034
20.0000 	 149.1680 	 -88.0482 	 61.0470 	 183.6581
21.0000 	 179.1645 	 -146.9737 	 -227.3567 	 324.6417
22.0000 	 -198.7943 	 20.4331 	 -74.4957 	 213.2751
23.0000 	 58.3351 	 98.0414 	 -110.9543 	 159.1413
24.0000 	 -111.7236 	 -183.5691 	 4.7961 	 214.9483
25.0000 	 73.1365 	 86.4527 	 -196.4880 	 226.7830
26.0000 	 162.1624 	 177.1647 	 138.9492 	 277.4723
27.0000 	 173.6814 	 -375.7299 	 72.3549 	 420.2064
28.0000 	 -69.9014 	 97.0913 	 21.5784 	 121.5670
29.0000 	 -71.0092 	 -168.0615 	 193.8928 	 266.2356
30.0000 	 78.1382 	 209.4702 	 -275.0229 	 354.4304
31.0000 	 117.2234 	 9.9349 	 -85.5320 	 145.4502
32.0000 	 69.5443 	 28.9445 	 -76.9211 	 107.6617
33.0000 	 38.0688 	 159.9805 	 59.1482 	 174.7613
34.0000 	 122.3466 	 18.9083 	 -140.2151 	 187.0467
35.0000 	 95.4092 	 277.7835 	 -13.3651 	 294.0157
36.0000 	 -84.8744 	 -262.6215 	 -311.2281 	 415.9767
37.0000 	 421.7648 	 37.6913 	 30.6236 	 424.5515
38.0000 	 37.4707 	 -36.5010 	 361.2997 	 365.0669
39.0000 	 -47.4978 	 50.8267 	 129.7939 	 147.2611
40.0000 	 31.2297 	 81.9405 	 -268.9716 	 282.9050
41.0000 	 -155.5043 	 -368.1713 	 -110.8122 	 414.7421
42.0000 	 209.8455 	 -154.3228 	 10.2600 	 260.6836
43.0000 	 -264.4424 	 171.7383 	 -131.9015 	 341.7921
44.0000 	 315.6816 	 -13.2741 	 -304.1154 	 438.5400
45.0000 	 274.6370 	 -16.2124 	 150.7996 	 313.7337
46.0000 	 452.4933 	 109.7171 	 102.0993 	 476.6679
47.0000 	 86.9883 	 247.9155 	 290.0576 	 391.3598
48.0000 	 -310.4432 	 97.3326 	 -107.0773 	 342.5116
49.0000 	 57.9949 	 -237.5795 	 17.3309 	 245.1689
50.0000 	 115.2044 	 -175.0752 	 -167.3201 	 268.1779
51.0000 	 37.5193 	 38.2986 	 34.7677 	 63.9005
52.0000 	 94.6735 	 -306.5375 	 -89.6367 	 333.1111
53.0000 	 -12.8524 	 35.2477 	 -116.8334 	 122.7096
54.0000 	 281.2943 	 57.8618 	 176.5005 	 337.0859
55.0000 	 73.7784 	 -62.1847 	 116.5757 	 151.3277
56.0000 	 83.4421 	 -194.3448 	 -110.3383 	 238.5519
57.0000 	 19.1269 	 -240.6648 	 -170.4298 	 295.5193
58.0000 	 -353.2279 	 -17.0685 	 -69.0253 	 360.3134
59.0000 	 -235.6503 	 28.3849 	 110.3321 	 261.7441
60.0000 	 21.8546 	 -232.6772 	 36.2218 	 236.4917
61.0000 	 43.9941 	 12.7965 	 14.1957 	 47.9661
62.0000 	 -90.9602 	 -182.1435 	 -128.1377 	 240.5603
63.0000 	 -46.4039 	 -27.3619 	 -3.8498 	 54.0075
64.0000 	 -11.8675 	 -30.1834 	 77.7916 	 84.2817
65.0000 	 -111.9508 	 145.9940 	 65.3683 	 195.2441
66.0000 	 -64.7444 	 150.9833 	 250.6999 	 299.7303
67.0000 	 -87.8662 	 -263.0644 	 181.4868 	 331.4526
68.0000 	 73.0209 	 78.4069 	 165.2857 	 196.9748
69.0000 	 -117.8810 	 -225.1252 	 98.4478 	 272.5239
70.0000 	 65.2569 	 -323.9714 	 -71.1925 	 338.0596
71.0000 	 -7.6818 	 206.2086 	 -69.5439 	 217.7553
72.0000 	 -9.2348 	 -191.2924 	 91.0175 	 212.0430
73.0000 	 334.4538 	 32.8874 	 177.1735 	 379.9097
74.0000 	 -75.5946 	 90.6604 	 144.7474 	 186.7771
75.0000 	 -101.2981 	 -119.4333 	 197.4818 	 252.0410
76.0000 	 0.4457 	 153.7497 	 3.2688 	 153.7851
77.0000 	 -133.6009 	 -246.3238 	 -39.4612 	 282.9873
78.0000 	 -213.4825 	 -31.4804 	 -256.0860 	 334.8819
79.0000 	 78.9230 	 331.3942 	 -327.9230 	 472.8472
80.0000 	 -268.9549 	 -128.7845 	 -67.5952 	 305.7635
81.0000 	 -61.2603 	 -226.5753 	 -261.7903 	 351.6011
82.0000 	 112.4820 	 94.4330 	 -1.1482 	 146.8711
83.0000 	 148.6887 	 92.1115 	 92.3319 	 197.7828
84.0000 	 -10.2488 	 182.0956 	 -22.0243 	 183.7088
85.0000 	 39.2384 	 85.4642 	 149.5080 	 176.6251
86.0000 	 -78.1012 	 146.9177 	 190.9640 	 253.2822
87.0000 	 -164.7310 	 87.7902 	 69.1406 	 199.0574
88.0000 	 -245.1753 	 255.1924 	 -164.8699 	 390.4051
89.0000 	 70.1335 	 -33.4618 	 74.9748 	 107.9797
90.0000 	 13.7540 	 -235.3609 	 -178.4124 	 295.6601
91.0000 	 -50.2708 	 34.3966 	 313.1358 	 319.0052
92.0000 	 18.1848 	 -55.3939 	 245.9370 	 252.7532
93.0000 	 -15.9506 	 -75.7010 	 -269.7299 	 280.6052
94.0000 	 51.7583 	 -9.4407 	 -245.7557 	 251.3243
95.0000 	 -84.6740 	 -94.0907 	 -104.7721 	 164.3166
96.0000 	 34.6507 	 -35.6477 	 -29.0646 	 57.5863
97.0000 	 -0.1603 	 374.1070 	 -46.4803 	 376.9834
98.0000 	 -12.7061 	 81.6845 	 91.7041 	 123.4643
99.0000 	 -79.1851 	 -144.6312 	 66.7486 	 177.8872
100.0000 	 158.4113 	 -63.0559 	 -236.7901 	 291.7872
101.0000 	 23.4310 	 -180.6203 	 -161.6162 	 243.5005
102.0000 	 -12.6716 	 -273.3442 	 -240.6803 	 364.4237
103.0000 	 -154.0766 	 204.0165 	 -124.8145 	 284.5013
104.0000 	 -238.7705 	 -229.0373 	 292.1254 	 441.3691
105.0000 	 154.1958 	 -228.6000 	 -61.8847 	 282.6022
106.0000 	 368.2114 	 131.4849 	 -15.8332 	 391.3037
107.0000 	 -127.9040 	 -177.9145 	 139.4870 	 259.7492
108.0000 	 299.5610 	 -7.0085 	 -95.9246 	 314.6227
109.0000 	 281.3723 	 -16.7749 	 112.0955 	 303.3433
110.0000 	 146.8323 	 -130.2837 	 309.4622 	 366.4702
111.0000 	 -152.8466 	 -82.2978 	 170.3135 	 243.1907
112.0000 	 -47.1829 	 -49.7652 	 -51.8771 	 85.9886
113.0000 	 -536.8763 	 5.0774 	 -48.8687 	 539.1198
114.0000 	 181.5911 	 -178.9278 	 50.7664 	 259.9379
115.0000 	 -244.3599 	 -158.6855 	 229.1123 	 370.6552
116.0000 	 -15.3914 	 321.8649 	 100.1977 	 337.4515
117.0000 	 202.8000 	 17.6819 	 227.5415 	 305.3123
118.0000 	 -197.2408 	 320.9071 	 -102.6461 	 390.4120
119.0000 	 -7.6379 	 -49.5065 	 -15.4855 	 52.4312
120.0000 	 -48.9992 	 55.7956 	 478.8307 	 484.5543
121.0000 	 -36.6039 	 103.0422 	 -294.1315 	 313.8007
122.0000 	 66.1439 	 274.0566 	 122.5489 	 307.4090
123.0000 	 -138.1819 	 -37.5184 	 -125.4854 	 190.3903
124.0000 	 -63.4562 	 309.1497 	 132.3198 	 342.2116
125.0000 	 153.4589 	 80.3786 	 24.4534 	 174.9524
126.0000 	 373.6631 	 242.0370 	 -51.2348 	 448.1417
127.0000 	 208.1815 	 140.0090 	 -194.6310 	 317.5268
128.0000 	 70.7197 	 70.2746 	 -158.7267 	 187.4405
129.0000 	 -325.2912 	 -237.9237 	 125.5605 	 422.1226
130.0000 	 10.2999 	 -9.6382 	 -74.1669 	 75.4965
131.0000 	 186.2936 	 64.9380 	 101.2933 	 221.7715
132.0000 	 -135.1227 	 26.5421 	 -15.0907 	 138.5293
133.0000 	 -235.1608 	 -212.3253 	 -91.2395 	 329.7079
134.0000 	 -141.1886 	 -62.1789 	 24.9538 	 156.2790
135.0000 	 112.9577 	 114.1152 	 149.9130 	 219.6717
136.0000 	 -41.9338 	 223.6754 	 -20.6904 	 228.5109
137.0000 	 -65.4180 	 -153.3672 	 -417.6939 	 449.7435
138.0000 	 201.4785 	 278.7736 	 -208.1935 	 402.0608
139.0000 	 -240.4108 	 -178.7786 	 -80.1878 	 310.1439
140.0000 	 -106.7779 	 -67.7228 	 -99.3839 	 160.8262
141.0000 	 -19.2012 	 -49.3832 	 136.5801 	 146.4975
142.0000 	 -352.4329 	 -185.8311 	 -33.6388 	 399.8421
143.0000 	 -231.7681 	 253.9581 	 135.2024 	 369.4467
144.0000 	 -141.6908 	 -61.5601 	 121.7379 	 196.6877
145.0000 	 300.9641 	 -58.0640 	 -168.5305 	 349.7904
146.0000 	 206.6055 	 -58.2086 	 -119.2718 	 245.5602
147.0000 	 123.9196 	 343.7441 	 236.0968 	 435.0377
148.0000 	 -319.5305 	 -260.0550 	 -68.9651 	 417.7135
149.0000 	 58.9306 	 234.1821 	 155.5881 	 287.2660
150.0000 	 102.1857 	 -316.2101 	 -5.5579 	 332.3577
151.0000 	 147.4880 	 -93.0998 	 76.1449 	 190.3111
152.0000 	 -38.3991 	 -145.8590 	 -252.5272 	 294.1417
153.0000 	 115.7069 	 -129.3856 	 130.5671 	 217.2015
154.0000 	 -120.5011 	 158.5392 	 -123.4245 	 234.2836
155.0000 	 -1.8332 	 165.4811 	 137.8070 	 215.3558
156.0000 	 269.4688 	 -60.8091 	 -55.2268 	 281.7112
157.0000 	 17.9547 	 -219.5353 	 179.1049 	 283.8956
158.0000 	 184.5850 	 136.4457 	 -174.8269 	 288.5369
159.0000 	 -2.8355 	 174.2778 	 102.6063 	 202.2594
160.0000 	 53.7741 	 -120.1049 	 100.0379 	 165.3010
161.0000 	 162.7994 	 -75.2722 	 27.9442 	 181.5225
162.0000 	 -175.5768 	 -145.1474 	 322.5470 	 394.8817
163.0000 	 9.4339 	 -89.2260 	 190.1383 	 210.2447
164.0000 	 196.9957 	 105.6400 	 152.9727 	 270.8648
165.0000 	 305.8942 	 -246.1262 	 197.9792 	 439.7103
166.0000 	 -87.9263 	 -315.5775 	 82.3221 	 337.7826
167.0000 	 200.4134 	 13.3747 	 -133.3989 	 241.1217
168.0000 	 -194.6712 	 -369.5857 	 -143.1349 	 441.5632
169.0000 	 -39.8466 	 -108.9110 	 25.6096 	 118.7654
170.0000 	 -254.1059 	 -171.5834 	 -112.6796 	 326.6609
171.0000 	 -287.2844 	 109.2528 	 300.4619 	 429.8208
172.0000 	 -197.4764 	 -18.1856 	 374.1875 	 423.4902
173.0000 	 -178.7078 	 -178.0491 	 -24.7019 	 253.4721
174.0000 	 -8.6549 	 -129.5352 	 -48.6125 	 138.6270
175.0000 	 41.7180 	 3.9801 	 -190.0244 	 194.5907
176.0000 	 114.4407 	 -95.7476 	 -324.1953 	 356.8849
177.0000 	 -56.5682 	 -194.8872 	 252.6661 	 324.0697
178.0000 	 103.3721 	 -41.9066 	 -270.6936 	 292.7746
179.0000 	 224.2142 	 -187.8650 	 -133.1694 	 321.4021
180.0000 	 -251.8281 	 147.6655 	 -34.5081 	 293.9614
181.0000 	 283.5418 	 28.2648 	 206.3274 	 351.8037
182.0000 	 -75.8042 	 34.9369 	 161.5899 	 181.8740
183.0000 	 -135.4798 	 149.5731 	 100.1363 	 225.2869
184.0000 	 -56.7782 	 -143.0199 	 166.1487 	 226.4593
185.0000 	 108.2428 	 -90.8476 	 352.3733 	 379.6535
186.0000 	 289.0213 	 37.8103 	 -182.8711 	 344.0999
187.0000 	 -95.3607 	 -21.1185 	 -75.8702 	 123.6767
188.0000 	 -172.5853 	 175.7381 	 -62.0040 	 253.9961
189.0000 	 -56.5122 	 7.9578 	 129.5912 	 141.6010
190.0000 	 244.6387 	 257.7769 	 75.9174 	 363.4012
191.0000 	 366.0540 	 80.9331 	 -103.7825 	 388.9942
192.0000 	 110.9240 	 -19.0350 	 -7.9419 	 112.8252
193.0000 	 -43.2231 	 -428.3282 	 196.4977 	 473.2279
194.0000 	 -28.9821 	 203.2593 	 -26.5817 	 207.0287
195.0000 	 116.0416 	 -19.6590 	 83.0099 	 144.0235
196.0000 	 -36.8714 	 139.1837 	 -195.9097 	 243.1301
197.0000 	 -158.0009 	 -292.7930 	 298.6267 	 447.0681
198.0000 	 7.9398 	 47.7660 	 106.4585 	 116.9531
199.0000 	 54.6650 	 231.2781 	 38.7687 	 240.7921
200.0000 	 -291.6649 	 0.9248 	 -107.7861 	 310.9455
201.0000 	 46.0889 	 -122.6862 	 -271.9211 	 301.8562
202.0000 	 421.7546 	 63.7128 	 -66.4991 	 431.6925
203.0000 	 -332.4979 	 137.8949 	 56.2069 	 364.3200
204.0000 	 118.5441 	 -263.1512 	 52.2071 	 293.3033
205.0000 	 12.8850 	 -122.0069 	 68.5472 	 140.5362
206.0000 	 -46.4623 	 -9.8609 	 119.8136 	 128.8847
207.0000 	 171.4816 	 235.3933 	 -266.9367 	 395.0585
208.0000 	 -173.0656 	 -43.3031 	 -20.6600 	 179.5931
209.0000 	 -15.5386 	 -38.9188 	 156.5343 	 162.0466
210.0000 	 -209.7752 	 -106.3728 	 26.9910 	 236.7474
211.0000 	 -233.0939 	 365.5772 	 -57.5841 	 437.3733
212.0000 	 -119.5198 	 -127.6140 	 210.2394 	 273.4427
213.0000 	 -100.8815 	 -73.6829 	 -26.6109 	 127.7278
214.0000 	 -144.0911 	 -22.3650 	 213.3874 	 258.4504
215.0000 	 263.2039 	 -126.1885 	 259.5513 	 390.5979
216.0000 	 135.5079 	 -130.5775 	 304.6043 	 358.0456
217.0000 	 -176.1462 	 6.6495 	 200.3089 	 266.8245
218.0000 	 111.3410 	 333.3924 	 -70.9935 	 358.5908
219.0000 	 95.9732 	 92.0777 	 69.5406 	 150.0835
220.0000 	 153.6056 	 -81.8858 	 -108.8951 	 205.3244
221.0000 	 -169.4234 	 -124.6161 	 -16.2645 	 210.9454
222.0000 	 18.0119 	 -44.3723 	 -166.9405 	 173.6734
223.0000 	 -20.4056 	 -108.4800 	 -110.9540 	 156.5091
224.0000 	 -37.1442 	 50.9821 	 189.3266 	 199.5581
225.0000 	 -91.2812 	 229.5174 	 57.2310 	 253.5466
226.0000 	 -45.9632 	 172.7902 	 12.3601 	 179.2257
227.0000 	 457.7758 	 -238.8953 	 95.8852 	 525.1891
228.0000 	 137.0048 	 62.7444 	 -10.1629 	 151.0313
229.0000 	 224.8977 	 172.3955 	 16.0855 	 283.8273
230.0000 	 78.2161 	 135.0221 	 -86.7807 	 178.5486
231.0000 	 171.6832 	 174.2807 	 -91.4899 	 261.1882
232.0000 	 43.4302 	 65.0798 	 132.0031 	 153.4483
233.0000 	 -79.4035 	 133.5279 	 -17.2431 	 156.3072
234.0000 	 -81.8461 	 -260.6509 	 -245.9899 	 367.6257
235.0000 	 276.2013 	 365.6898 	 346.4368 	 574.4864
236.0000 	 45.5997 	 -73.5893 	 -23.3712 	 89.6713
237.0000 	 -71.8306 	 332.7774 	 -360.4745 	 495.8249
238.0000 	 145.9051 	 72.3031 	 -115.9325 	 199.8909
239.0000 	 -85.1502 	 200.8612 	 -47.9853 	 223.3794
240.0000 	 218.2237 	 -248.3850 	 69.6488 	 337.8870
241.0000 	 -128.5167 	 -61.1496 	 158.2410 	 212.8286
242.0000 	 126.9425 	 171.2584 	 -293.9272 	 363.0937
243.0000 	 80.0145 	 -122.5805 	 131.8534 	 197.0117
244.0000 	 131.9617 	 78.7415 	 215.1873 	 264.4234
245.0000 	 235.6442 	 299.2271 	 111.2412 	 396.7867
246.0000 	 -216.9772 	 58.5081 	 -69.2854 	 235.1654
247.0000 	 -249.5421 	 -127.2231 	 56.4315 	 285.7298
248.0000 	 -118.7622 	 192.1732 	 -40.7138 	 229.5487
249.0000 	 -24.8465 	 -5.9645 	 -16.4930 	 30.4129
250.0000 	 39.7944 	 109.5906 	 207.4331 	 237.9542
251.0000 	 62.3718 	 7.0582 	 -214.2951 	 223.2990
252.0000 	 70.8537 	 -84.9261 	 175.5713 	 207.5041
253.0000 	 24.5106 	 -39.6333 	 -79.0944 	 91.8014
254.0000 	 182.0765 	 -233.4519 	 -284.7286 	 410.7579
255.0000 	 -29.5759 	 14.5934 	 -127.6851 	 131.8756
256.0000 	 69.5519 	 3.3836 	 0.1701 	 69.6344
257.0000 	 143.9738 	 -307.4386 	 -25.0639 	 340.4044
258.0000 	 132.4353 	 -125.6453 	 6.8248 	 182.6813
259.0000 	 98.0302 	 42.1546 	 -291.5866 	 310.4991
260.0000 	 -132.4300 	 -77.8561 	 -85.1647 	 175.6483
261.0000 	 -270.6686 	 -126.6572 	 67.0855 	 306.2744
262.0000 	 334.4298 	 4.8341 	 -51.2683 	 338.3712
263.0000 	 -195.8274 	 -167.1316 	 -102.1752 	 276.9858
264.0000 	 2.1546 	 79.5397 	 -155.1792 	 174.3897
265.0000 	 4.4867 	 -156.6540 	 -180.8307 	 239.2913
266.0000 	 130.0217 	 70.0156 	 115.8792 	 187.7120
267.0000 	 -238.9289 	 438.0863 	 76.5380 	 504.8413
268.0000 	 250.3213 	 118.8047 	 43.3795 	 280.4587
269.0000 	 65.5543 	 486.7440 	 -229.1656 	 541.9723
270.0000 	 66.1162 	 -134.5153 	 -163.6015 	 221.8810
271.0000 	 20.8602 	 283.3922 	 23.8781 	 285.1604
272.0000 	 -0.3499 	 -234.0619 	 40.9272 	 237.6134
273.0000 	 231.6829 	 93.5289 	 -81.1009 	 262.6823
274.0000 	 -157.1217 	 84.6094 	 8.7752 	 178.6700
275.0000 	 -160.2549 	 -200.6218 	 32.4269 	 258.8093
276.0000 	 -43.2733 	 208.2839 	 -211.1244 	 299.7137
277.0000 	 -92.0015 	 99.3274 	 168.4612 	 216.1236
278.0000 	 85.9457 	 221.1062 	 72.5597 	 248.0716
279.0000 	 -49.8079 	 63.6838 	 105.7919 	 133.1480
280.0000 	 -105.3460 	 147.3177 	 -31.6845 	 183.8591
281.0000 	 239.0316 	 19.0093 	 51.3124 	 245.2150
282.0000 	 107.4478 	 73.1715 	 160.0294 	 206.1759
283.0000 	 -47.1976 	 116.7213 	 -93.7968 	 157.0010
284.0000 	 59.2161 	 78.7599 	 88.2685 	 132.2913
285.0000 	 48.1900 	 86.2048 	 -84.1108 	 129.7234
286.0000 	 139.3804 	 78.0119 	 36.8333 	 163.9190
287.0000 	 -190.7354 	 177.0908 	 138.5757 	 294.8633
288.0000 	 68.6625 	 -36.2818 	 12.3023 	 78.6273
289.0000 	 173.4940 	 19.8416 	 -203.4788 	 268.1371
290.0000 	 69.3700 	 -42.2777 	 90.5980 	 121.6865
291.0000 	 117.9765 	 -132.1091 	 -149.4908 	 231.7731
292.0000 	 -131.6826 	 24.7154 	 -58.2445 	 146.0944
293.0000 	 -206.4348 	 10.0368 	 41.1906 	 210.7433
294.0000 	 -320.2704 	 -4.0643 	 -6.7110 	 320.3664
295.0000 	 202.5370 	 63.3130 	 -232.6436 	 314.8854
296.0000 	 -33.1980 	 159.1176 	 -21.4512 	 163.9533
297.0000 	 -70.5119 	 -133.7865 	 68.3427 	 165.9563
298.0000 	 -43.3968 	 -162.7595 	 224.5525 	 280.7094
299.0000 	 306.0630 	 -492.6010 	 -127.0593 	 593.6955
300.0000 	 -128.9184 	 308.8954 	 -43.7397 	 337.5641
301.0000 	 -5.1002 	 14.7742 	 -37.5864 	 40.7066
302.0000 	 -29.0418 	 -402.1287 	 -402.8235 	 569.9278
303.0000 	 -62.1990 	 333.0635 	 224.1220 	 406.2397
304.0000 	 -508.0804 	 153.0666 	 -36.9895 	 531.9241
305.0000 	 -103.3565 	 -28.2116 	 39.1756 	 114.0754
306.0000 	 -15.6058 	 4.1357 	 -68.7959 	 70.6648
307.0000 	 51.8631 	 -58.2284 	 419.8269 	 427.0069
308.0000 	 61.5351 	 -16.1376 	 -100.1395 	 118.6377
309.0000 	 -208.4651 	 56.9764 	 34.2375 	 218.8064
310.0000 	 -12.9273 	 133.8884 	 -264.7851 	 296.9922
311.0000 	 125.4928 	 105.4353 	 36.2456 	 167.8654
312.0000 	 96.9414 	 65.9529 	 195.3633 	 227.8469
313.0000 	 265.0157 	 -383.5736 	 -185.8334 	 501.8925
314.0000 	 156.6090 	 132.4035 	 -155.6916 	 257.4819
315.0000 	 -248.9895 	 -208.3947 	 -33.0642 	 326.3700
316.0000 	 -25.2287 	 -172.2724 	 -8.6793 	 174.3261
317.0000 	 -2.0682 	 48.6580 	 -259.8301 	 264.3550
318.0000 	 -269.4688 	 65.0803 	 33.9663 	 279.2894
319.0000 	 193.4637 	 -235.3011 	 84.9860 	 316.2554
320.0000 	 -56.8972 	 70.7064 	 15.2411 	 92.0270
321.0000 	 28.2456 	 -17.5041 	 56.9835 	 65.9645
322.0000 	 179.4419 	 -1.5639 	 -75.6360 	 194.7374
323.0000 	 158.4890 	 288.7099 	 154.0866 	 363.6136
324.0000 	 159.0528 	 -136.4962 	 231.9377 	 312.6085
325.0000 	 -143.9731 	 75.7588 	 119.5837 	 201.9106
326.0000 	 128.1913 	 17.8345 	 -7.6457 	 129.6516
327.0000 	 40.3364 	 -7.0259 	 -275.3040 	 278.3320
328.0000 	 -399.9001 	 -70.0100 	 -60.4844 	 410.4630
329.0000 	 15.2711 	 -9.3885 	 -1.2854 	 17.9723
330.0000 	 -92.7727 	 254.8323 	 -130.5177 	 300.9670
331.0000 	 194.6250 	 -165.5529 	 -158.4563 	 300.6577
332.0000 	 -147.6462 	 158.4852 	 116.8215 	 246.0980
333.0000 	 156.7164 	 151.7291 	 -394.3437 	 450.6536
334.0000 	 -138.7819 	 -296.8407 	 -43.3879 	 330.5410
335.0000 	 136.1825 	 -286.9612 	 14.1394 	 317.9502
336.0000 	 -46.7498 	 -57.0390 	 -328.5992 	 336.7735
337.0000 	 36.1527 	 -101.2014 	 52.9852 	 119.8173
338.0000 	 -205.2807 	 56.7634 	 108.1490 	 238.8691
339.0000 	 -168.0572 	 45.3951 	 -180.8950 	 251.0517
340.0000 	 67.4286 	 -265.1622 	 29.7831 	 275.2174
341.0000 	 -267.2025 	 137.3594 	 187.1114 	 353.9428
342.0000 	 41.0062 	 104.9530 	 -6.3606 	 112.8588
343.0000 	 286.1973 	 -34.9785 	 -268.6244 	 394.0704
344.0000 	 140.2251 	 -9.6768 	 -57.1985 	 151.7510
345.0000 	 582.3595 	 70.6520 	 -79.4848 	 591.9900
346.0000 	 29.7837 	 -76.8058 	 -60.0896 	 101.9655
347.0000 	 -76.7772 	 -55.9048 	 255.1732 	 272.2745
348.0000 	 -10.7787 	 139.0919 	 -17.7603 	 140.6349
349.0000 	 -6.7017 	 -240.2697 	 -177.9867 	 299.0881
350.0000 	 -266.6234 	 227.0402 	 -86.1519 	 360.6348
351.0000 	 177.4575 	 361.7523 	 167.2655 	 436.2724
352.0000 	 37.6271 	 -50.7857 	 -46.3715 	 78.3920
353.0000 	 -228.9958 	 142.8181 	 -58.5728 	 276.1646
354.0000 	 -109.9809 	 150.6362 	 115.4467 	 219.3513
355.0000 	 -26.3246 	 -233.0179 	 -160.4658 	 284.1471
356.0000 	 128.3235 	 -139.2748 	 -86.8603 	 208.3485
357.0000 	 -53.3552 	 39.8147 	 41.0093 	 78.1904
358.0000 	 -155.5095 	 -86.4801 	 11.8564 	 178.3328
359.0000 	 151.4019 	 -66.9725 	 -124.5502 	 207.1729
360.0000 	 -255.3440 	 -79.5729 	 272.7811 	 382.0234
361.0000 	 93.4910 	 104.4365 	 -215.2697 	 256.8825
362.0000 	 -183.0311 	 -51.1976 	 -104.7250 	 216.9998
363.0000 	 -269.9699 	 -59.2496 	 236.2779 	 363.6228
364.0000 	 -0.4995 	 197.7763 	 179.9438 	 267.3864
365.0000 	 -134.9455 	 -18.7702 	 75.0798 	 155.5622
366.0000 	 178.8333 	 -95.2641 	 302.2257 	 363.8640
367.0000 	 -99.8986 	 -47.2578 	 57.3014 	 124.4849
368.0000 	 14.1621 	 370.4095 	 54.7622 	 374.7034
369.0000 	 94.7495 	 19.1881 	 -36.8995 	 103.4757
370.0000 	 -24.2606 	 20.1211 	 -117.0199 	 121.1903
371.0000 	 -167.0583 	 16.9967 	 -363.7276 	 400.6184
372.0000 	 -255.3330 	 -146.3401 	 -224.1205 	 369.9194
373.0000 	 91.2347 	 27.6590 	 173.2306 	 197.7312
374.0000 	 -160.3909 	 -273.9064 	 -129.3231 	 342.7454
375.0000 	 45.9980 	 6.6867 	 -171.2126 	 177.4099
376.0000 	 171.6818 	 -70.1612 	 209.5072 	 279.8044
377.0000 	 -86.0005 	 183.2891 	 188.0952 	 276.3526
378.0000 	 190.1898 	 162.3512 	 127.5928 	 280.7311
379.0000 	 305.6995 	 -4.8882 	 -105.2507 	 323.3477
380.0000 	 60.6672 	 -57.5838 	 71.4906 	 110.0332
381.0000 	 218.0786 	 183.6095 	 -192.1368 	 343.7838
382.0000 	 40.3749 	 76.1071 	 134.2567 	 159.5221
383.0000 	 -221.2008 	 -219.0702 	 -54.2192 	 316.0083
384.0000 	 -136.3684 	 -293.2759 	 12.6103 	 323.6759
385.0000 	 -20.6397 	 34.0456 	 -42.7359 	 58.4077
386.0000 	 -75.0027 	 -73.3928 	 20.0261 	 106.8314
387.0000 	 -119.4138 	 107.6130 	 -145.6180 	 216.8981
388.0000 	 -110.5775 	 -34.4585 	 -177.5756 	 212.0092
389.0000 	 -209.9688 	 -113.2501 	 -142.9557 	 278.1166
390.0000 	 128.9875 	 62.2857 	 2.5933 	 143.2620
391.0000 	 346.4057 	 -139.8877 	 16.7012 	 373.9578
392.0000 	 163.7050 	 96.8122 	 -11.8435 	 190.5576
393.0000 	 -170.7458 	 -59.5442 	 -251.6411 	 309.8756
394.0000 	 63.4531 	 -226.2302 	 27.8947 	 236.6105
395.0000 	 212.9695 	 112.7503 	 -257.5225 	 352.6847
396.0000 	 74.3684 	 -148.1621 	 115.1887 	 201.8690
397.0000 	 213.8813 	 98.3115 	 -416.7837 	 478.6637
398.0000 	 50.9985 	 6.5065 	 332.0609 	 336.0173
399.0000 	 -152.2413 	 -98.3462 	 -179.3981 	 255.0158
400.0000 	 -19.2269 	 -16.6133 	 14.5377 	 29.2749
401.0000 	 -345.7121 	 198.7317 	 -108.6470 	 413.2981
402.0000 	 -56.6872 	 -142.0663 	 -101.1733 	 183.3911
403.0000 	 -56.0113 	 1.8547 	 -419.9941 	 423.7166
404.0000 	 264.4844 	 -5.8565 	 82.6041 	 277.1457
405.0000 	 -137.3399 	 -22.8867 	 88.7523 	 165.1152
406.0000 	 82.6094 	 -76.6430 	 -26.5127 	 115.7644
407.0000 	 62.8176 	 -73.6556 	 -294.8338 	 310.3195
408.0000 	 -180.8848 	 198.5494 	 -108.3940 	 289.6384
409.0000 	 11.6425 	 40.8487 	 144.5377 	 150.6497
410.0000 	 295.2839 	 371.1574 	 -168.6142 	 503.3698
411.0000 	 -133.2057 	 -17.1092 	 175.0425 	 220.6273
412.0000 	 -26.2424 	 59.0034 	 179.4189 	 190.6861
413.0000 	 41.9503 	 243.4239 	 7.2307 	 247.1180
414.0000 	 61.7340 	 -77.0445 	 -15.5408 	 99.9423
415.0000 	 -72.3997 	 -229.3001 	 -54.1491 	 246.4800
416.0000 	 -186.2829 	 78.0439 	 -155.8143 	 255.0887
417.0000 	 58.4136 	 -7.7842 	 -59.7699 	 83.9356
418.0000 	 56.1880 	 82.9105 	 360.4032 	 374.0611
419.0000 	 58.8790 	 31.5186 	 -56.9435 	 87.7652
420.0000 	 4.8326 	 -123.7029 	 25.7892 	 126.4549
421.0000 	 283.2260 	 -56.1324 	 -50.1022 	 293.0496
422.0000 	 266.4474 	 -48.5656 	 130.3270 	 300.5628
423.0000 	 -85.3667 	 10.2489 	 10.2750 	 86.5915
424.0000 	 -62.9490 	 107.7582 	 118.0932 	 171.8150
425.0000 	 -114.8264 	 -38.4011 	 -24.1120 	 123.4550
426.0000 	 128.7868 	 198.0283 	 -94.2707 	 254.3388
427.0000 	 -103.4398 	 240.1754 	 -38.4466 	 264.3145
428.0000 	 -44.0393 	 297.5514 	 192.5819 	 357.1611
429.0000 	 80.8507 	 430.5684 	 292.5101 	 526.7714
430.0000 	 245.0359 	 66.7451 	 -58.6515 	 260.6483
431.0000 	 -92.8966 	 -142.0898 	 -65.4803 	 181.9532
432.0000 	 -330.0177 	 -95.3409 	 313.9684 	 465.3791
433.0000 	 254.6604 	 -272.7379 	 -16.1704 	 373.4961
434.0000 	 -128.0281 	 -319.5914 	 28.1401 	 345.4298
435.0000 	 -101.0758 	 68.4845 	 56.2811 	 134.4396
436.0000 	 39.2294 	 225.3791 	 359.4650 	 426.0865
437.0000 	 377.2958 	 130.1694 	 -119.6169 	 416.6586
438.0000 	 -165.8611 	 206.1542 	 -242.8789 	 359.1652
439.0000 	 -177.9213 	 -109.7077 	 222.3904 	 305.2037
440.0000 	 110.3726 	 -124.6427 	 404.8719 	 437.7661
441.0000 	 -61.4169 	 -39.1919 	 -18.9012 	 75.2681
442.0000 	 -59.0049 	 -260.8746 	 -24.8242 	 268.6138
443.0000 	 28.0920 	 -234.3819 	 50.6115 	 241.4240
444.0000 	 87.8201 	 -116.7257 	 -191.7286 	 241.0334
445.0000 	 89.8361 	 -135.5820 	 327.3344 	 365.5145
446.0000 	 321.7174 	 -71.9490 	 -287.8534 	 437.6509
447.0000 	 -375.3753 	 321.6398 	 -196.9654 	 532.1223
448.0000 	 -227.3244 	 -112.6825 	 -182.0096 	 312.2519
449.0000 	 -54.6711 	 197.7777 	 -196.5449 	 284.1388
450.0000 	 -5.2036 	 -288.3278 	 -231.2466 	 369.6417
451.0000 	 -322.8633 	 63.2190 	 6.1704 	 329.0523
452.0000 	 -143.6631 	 -7.3883 	 381.8660 	 408.0629
453.0000 	 -232.3634 	 38.5872 	 189.5537 	 302.3447
454.0000 	 -188.5025 	 -77.7644 	 -310.4427 	 371.4231
455.0000 	 -111.0321 	 219.2839 	 -343.7301 	 422.5683
456.0000 	 -125.9996 	 277.3519 	 -36.5181 	 306.8119
457.0000 	 -184.3699 	 -29.2259 	 -180.4309 	 259.6184
458.0000 	 418.4921 	 -132.3297 	 -41.8308 	 440.9043
459.0000 	 -36.6619 	 157.0410 	 231.8763 	 282.4404
460.0000 	 -105.6255 	 55.1143 	 -36.6281 	 124.6433
461.0000 	 -35.2107 	 -77.7583 	 157.6788 	 179.3008
462.0000 	 -165.6302 	 66.1764 	 -69.1572 	 191.2993
463.0000 	 -1.5532 	 -40.6649 	 -187.0966 	 191.4711
464.0000 	 263.1552 	 -149.1010 	 -56.8717 	 307.7599
465.0000 	 132.6470 	 -330.2554 	 -83.6440 	 365.5957
466.0000 	 3.8191 	 -193.9831 	 -76.9812 	 208.7346
467.0000 	 191.8290 	 -73.4314 	 182.0098 	 274.4415
468.0000 	 163.6385 	 153.7604 	 484.5190 	 534.0210
469.0000 	 -312.5980 	 -12.8559 	 42.3502 	 315.7155
470.0000 	 171.7392 	 13.1992 	 -88.0031 	 193.4246
471.0000 	 -2.8879 	 64.4135 	 -90.2576 	 110.9228
472.0000 	 -6.7637 	 169.3130 	 -76.8364 	 186.0550
473.0000 	 -166.8358 	 -57.0500 	 -247.8908 	 304.2018
474.0000 	 -420.4060 	 -82.3696 	 41.8842 	 430.4420
475.0000 	 35.2932 	 -354.2130 	 -83.2847 	 365.5801
476.0000 	 -73.5536 	 -29.5030 	 31.9467 	 85.4468
477.0000 	 96.2660 	 -1.2832 	 -283.4908 	 299.3924
478.0000 	 3.5010 	 51.1868 	 -203.7161 	 210.0776
479.0000 	 -153.3376 	 191.0419 	 193.3459 	 312.0770
480.0000 	 -6.8450 	 154.9333 	 129.8613 	 202.2750
481.0000 	 -212.3915 	 83.9772 	 5.7928 	 228.4642
482.0000 	 -135.0583 	 -96.8913 	 24.7698 	 168.0542
483.0000 	 0.9551 	 105.0235 	 118.5484 	 158.3811
484.0000 	 125.6922 	 -106.6099 	 395.0673 	 428.0681
485.0000 	 -255.3446 	 153.1800 	 108.4995 	 316.9182
486.0000 	 207.9661 	 -51.6957 	 -142.3685 	 257.2763
487.0000 	 -141.2169 	 26.1080 	 127.7859 	 192.2319
488.0000 	 165.1931 	 -75.5821 	 84.7070 	 200.4412
489.0000 	 -190.8643 	 57.2739 	 11.4444 	 199.6007
490.0000 	 -4.3032 	 -201.0050 	 363.1664 	 415.1041
491.0000 	 374.9760 	 -271.2437 	 387.6638 	 603.7080
492.0000 	 -93.5275 	 -74.1884 	 122.0765 	 170.7454
493.0000 	 19.8060 	 225.8007 	 -334.7640 	 404.2836
494.0000 	 49.0297 	 228.3665 	 -167.1957 	 287.2448
495.0000 	 -92.0256 	 -157.0054 	 -49.5685 	 188.6172
496.0000 	 -100.2122 	 42.2921 	 44.6714 	 117.5867
497.0000 	 55.8172 	 7.3821 	 -181.6110 	 190.1384
498.0000 	 50.6337 	 73.2957 	 87.4134 	 124.8084
499.0000 	 -60.2539 	 -132.3943 	 -12.1777 	 145.9694
500.0000 	 -83.1061 	 -253.9037 	 -81.6507 	 279.3574
501.0000 	 -5.3754 	 -63.5632 	 65.3267 	 91.3058
502.0000 	 187.7066 	 95.2347 	 12.1483 	 210.8340
503.0000 	 185.6881 	 -198.7055 	 152.4492 	 311.7767
504.0000 	 -30.7895 	 -76.3413 	 120.7551 	 146.1430
505.0000 	 158.0693 	 272.3066 	 90.4278 	 327.5882
506.0000 	 153.6590 	 116.7523 	 -36.0857 	 196.3273
507.0000 	 -167.3802 	 -59.7940 	 11.3539 	 178.1021
508.0000 	 -365.2998 	 310.0603 	 -151.5686 	 502.5478
509.0000 	 68.3710 	 74.5432 	 142.7325 	 174.9396
510.0000 	 88.9179 	 -66.4879 	 76.2124 	 134.6676
511.0000 	 5.0294 	 -341.9294 	 -304.3416 	 457.7825
512.0000 	 142.7063 	 -242.2166 	 -93.8437 	 296.3792
513.0000 	 -172.7445 	 -143.8309 	 -177.7617 	 286.5785
514.0000 	 154.4085 	 196.8997 	 43.7850 	 254.0248
515.0000 	 7.0671 	 -0.0890 	 250.4823 	 250.5820
516.0000 	 -17.7994 	 -211.1465 	 -21.7061 	 213.0042
517.0000 	 50.4020 	 166.7299 	 -56.5930 	 183.1448
518.0000 	 -5.6716 	 -42.0603 	 -394.8928 	 397.1669
519.0000 	 -119.5195 	 81.6731 	 30.5277 	 147.9437
520.0000 	 -228.0872 	 -186.6602 	 -272.0847 	 401.1183
521.0000 	 224.8789 	 105.7992 	 170.3757 	 301.3169
522.0000 	 -41.4800 	 -155.5308 	 -99.5302 	 189.2530
523.0000 	 23.1553 	 -265.2483 	 -179.9339 	 321.3550
524.0000 	 -62.2300 	 -89.4313 	 -136.5669 	 174.7028
525.0000 	 35.9258 	 -418.5442 	 218.4412 	 473.4833
526.0000 	 -205.3669 	 -40.0314 	 114.9996 	 238.7530
527.0000 	 -12.2635 	 110.4395 	 -88.0274 	 141.7607
528.0000 	 315.0587 	 -146.6978 	 -19.0037 	 348.0565
529.0000 	 -213.0572 	 -2.7836 	 111.8417 	 240.6444
530.0000 	 66.5732 	 -338.5635 	 -96.6001 	 358.3139
531.0000 	 348.7543 	 49.5602 	 31.1595 	 353.6336
532.0000 	 -263.7025 	 247.9455 	 6.6561 	 362.0225
533.0000 	 -322.7635 	 -5.4145 	 38.2822 	 325.0709
534.0000 	 -210.3376 	 71.3956 	 -110.1104 	 247.9185
535.0000 	 -104.7916 	 27.3846 	 192.1358 	 220.5615
536.0000 	 -442.7695 	 148.5227 	 389.8772 	 608.3651
537.0000 	 133.7403 	 -39.3607 	 -26.1587 	 141.8450
538.0000 	 -37.8894 	 120.9611 	 260.1211 	 289.3617
539.0000 	 72.8411 	 -7.3318 	 -83.6078 	 111.1299
540.0000 	 11.3286 	 121.8585 	 -304.5258 	 328.1978
541.0000 	 -49.3863 	 -41.3553 	 -198.6998 	 208.8800
542.0000 	 127.9183 	 -97.7332 	 -118.1628 	 199.6930
543.0000 	 123.5985 	 12.8621 	 -76.8924 	 146.1317
544.0000 	 -552.0143 	 -62.4743 	 92.1978 	 563.1370
545.0000 	 -123.7639 	 76.3316 	 -257.3840 	 295.6189
546.0000 	 -154.9333 	 -127.6862 	 16.5949 	 201.4535
547.0000 	 -90.1213 	 375.3216 	 88.3671 	 395.9759
548.0000 	 34.8179 	 84.1257 	 352.4163 	 363.9872
549.0000 	 149.4662 	 -103.3600 	 -149.8212 	 235.5204
550.0000 	 69.0620 	 -8.3042 	 8.2321 	 70.0448
551.0000 	 170.6128 	 -123.0163 	 -300.2795 	 366.6190
552.0000 	 0.0114 	 68.6691 	 -52.2892 	 86.3111
553.0000 	 173.5686 	 -191.9008 	 10.9349 	 258.9817
554.0000 	 42.9712 	 128.3835 	 244.6548 	 279.6155
555.0000 	 78.9732 	 -103.6500 	 5.9152 	 130.4419
556.0000 	 75.0093 	 -20.9013 	 209.4517 	 223.4576
557.0000 	 23.6669 	 -39.2058 	 -86.9653 	 98.2862
558.0000 	 -41.1958 	 -142.3766 	 -185.8239 	 237.6946
559.0000 	 -61.9395 	 98.9632 	 318.8203 	 339.5241
560.0000 	 -224.0985 	 173.7780 	 -176.2400 	 333.8854
561.0000 	 174.4365 	 -177.9819 	 -200.8871 	 320.0957
562.0000 	 367.7386 	 511.7002 	 32.6631 	 630.9799
563.0000 	 -21.3332 	 76.0415 	 58.1022 	 98.0474
564.0000 	 139.2580 	 -277.5896 	 261.4094 	 405.9355
565.0000 	 -318.8240 	 -138.3271 	 150.1827 	 378.6000
566.0000 	 -359.3546 	 176.1633 	 -113.4032 	 415.9682
567.0000 	 -163.8002 	 -92.7200 	 -255.6629 	 317.4760
568.0000 	 135.4865 	 -95.9432 	 -232.6192 	 285.7856
569.0000 	 -55.7988 	 -340.1965 	 50.9434 	 348.4858
570.0000 	 -326.9375 	 -60.1947 	 -22.2521 	 333.1766
571.0000 	 -270.0141 	 77.2980 	 -203.5325 	 346.8545
572.0000 	 278.4148 	 233.0432 	 -163.9225 	 398.3648
573.0000 	 -32.1655 	 155.8205 	 -175.8941 	 237.1780
574.0000 	 -62.3017 	 -82.4466 	 197.6124 	 223.0014
575.0000 	 -109.3510 	 -472.4799 	 -52.0646 	 487.7557
576.0000 	 -233.1987 	 124.1119 	 28.2977 	 265.6805
577.0000 	 -103.8945 	 115.3944 	 365.1563 	 396.7985
578.0000 	 -187.4165 	 -126.7753 	 -16.8528 	 226.8941
579.0000 	 121.7724 	 -71.9119 	 -24.0951 	 143.4587
580.0000 	 -39.1369 	 -37.6158 	 114.6064 	 126.8119
581.0000 	 170.8462 	 -113.3712 	 -43.2011 	 209.5418
582.0000 	 -145.8902 	 90.7805 	 374.0830 	 411.6590
583.0000 	 -78.6807 	 -198.7957 	 -67.5679 	 224.2227
584.0000 	 -74.5448 	 48.9522 	 157.7485 	 181.2121
585.0000 	 -64.8554 	 219.6559 	 -24.0062 	 230.2851
586.0000 	 -315.5326 	 -109.4562 	 181.6870 	 380.1995
587.0000 	 35.5275 	 -1.1081 	 122.7519 	 127.7946
588.0000 	 -418.2112 	 -177.4908 	 -154.7760 	 479.9575
589.0000 	 -48.5625 	 -76.9845 	 -60.3633 	 109.2184
590.0000 	 5.4309 	 -217.4451 	 293.3016 	 365.1544
591.0000 	 160.7538 	 1.3688 	 -114.2746 	 197.2368
592.0000 	 -13.8414 	 153.2505 	 -223.1261 	 271.0398
593.0000 	 7.7534 	 159.0632 	 136.3607 	 209.6555
594.0000 	 -110.9366 	 -73.4421 	 150.6724 	 201.0046
595.0000 	 67.6699 	 8.8822 	 327.2455 	 334.2869
596.0000 	 7.6639 	 -29.9794 	 -376.9007 	 378.1688
597.0000 	 41.5635 	 -15.7881 	 -82.7605 	 93.9473
598.0000 	 -22.9925 	 21.4847 	 253.1607 	 255.1090
599.0000 	 211.3938 	 276.6421 	 85.0111 	 358.3923
600.0000 	 -8.0053 	 104.9456 	 -79.6617 	 131.9987
601.0000 	 -28.8545 	 -49.0529 	 173.8774 	 182.9538
602.0000 	 6.4157 	 -30.9842 	 -73.5837 	 80.0983
603.0000 	 -94.8989 	 54.5780 	 311.8684 	 330.5245
604.0000 	 101.8648 	 72.9101 	 8.8483 	 125.5811
605.0000 	 -114.2974 	 -143.0376 	 -5.5904 	 183.1799
606.0000 	 -25.3540 	 -34.5711 	 274.9572 	 278.2794
607.0000 	 -315.7876 	 -102.0443 	 92.0308 	 344.3901
608.0000 	 8.3666 	 15.5493 	 -146.7138 	 147.7725
609.0000 	 49.1622 	 189.0598 	 223.9381 	 297.1680
610.0000 	 19.2530 	 -31.7229 	 266.3783 	 268.9506
611.0000 	 -234.1747 	 180.8914 	 107.8200 	 314.9359
612.0000 	 -240.3820 	 -64.1675 	 -45.4984 	 252.9250
613.0000 	 300.6241 	 245.7037 	 -41.5057 	 390.4714
614.0000 	 184.8123 	 102.5079 	 -335.5249 	 396.5355
615.0000 	 -68.9738 	 -65.2588 	 33.7409 	 100.7698
616.0000 	 157.4077 	 164.0346 	 65.4751 	 236.5830
617.0000 	 -442.1045 	 -74.8922 	 126.3431 	 465.8624
618.0000 	 -205.0090 	 -224.0795 	 203.6552 	 365.6716
619.0000 	 34.4275 	 166.2350 	 -56.0572 	 178.7784
620.0000 	 70.5486 	 -175.3416 	 -362.0164 	 408.3843
621.0000 	 102.7085 	 109.5496 	 -25.3031 	 152.2840
622.0000 	 -86.5195 	 -110.7272 	 -31.6425 	 144.0395
623.0000 	 240.0332 	 -61.8894 	 -281.4710 	 375.0629
624.0000 	 267.7934 	 -101.7311 	 -249.6694 	 379.9965
625.0000 	 380.8091 	 334.1260 	 139.6862 	 525.5169
626.0000 	 -206.9508 	 293.7304 	 79.1380 	 367.9252
627.0000 	 -130.1741 	 -84.5040 	 148.9304 	 215.0965
628.0000 	 121.9468 	 -167.6020 	 -28.7066 	 209.2499
629.0000 	 -146.4769 	 71.4679 	 92.4625 	 187.3832
630.0000 	 -300.1766 	 -410.8579 	 -282.6574 	 582.0700
631.0000 	 -22.2873 	 121.7355 	 -217.5945 	 250.3270
632.0000 	 -177.1382 	 165.1546 	 114.2596 	 267.7858
633.0000 	 258.9367 	 180.2378 	 31.9859 	 317.1072
634.0000 	 176.3745 	 -155.9951 	 -86.3258 	 250.7880
635.0000 	 120.7233 	 142.4517 	 102.9392 	 213.2207
636.0000 	 590.2185 	 -243.2095 	 58.3135 	 641.0220
637.0000 	 268.2323 	 -129.8743 	 216.5946 	 368.4143
638.0000 	 61.7437 	 -28.6732 	 -21.9754 	 71.5357
639.0000 	 -80.6340 	 204.3385 	 150.3826 	 266.2161
640.0000 	 -269.1967 	 298.5723 	 -44.9380 	 404.5141
641.0000 	 147.0048 	 -48.7197 	 -226.8607 	 274.6813
642.0000 	 80.8403 	 62.0976 	 138.0144 	 171.5787
643.0000 	 180.4317 	 359.1147 	 -106.5149 	 415.7696
644.0000 	 216.8652 	 271.4872 	 271.0602 	 440.6920
645.0000 	 -39.8203 	 -36.9946 	 -4.0835 	 54.5062
646.0000 	 335.9359 	 119.0476 	 -55.4761 	 360.6978
647.0000 	 -51.1624 	 -53.3882 	 0.2254 	 73.9456
648.0000 	 231.2036 	 -99.9701 	 290.4841 	 384.4868
649.0000 	 150.1240 	 144.3159 	 -230.4070 	 310.5667
650.0000 	 205.7638 	 81.4807 	 -88.8663 	 238.4849
651.0000 	 -11.1934 	 57.7320 	 -60.8815 	 84.6453
652.0000 	 99.4418 	 -74.1779 	 -301.6623 	 326.1766
653.0000 	 -85.6881 	 27.4506 	 25.5263 	 93.5285
654.0000 	 35.0890 	 -189.2674 	 137.9889 	 236.8424
655.0000 	 388.0862 	 44.6533 	 -1.1715 	 390.6484
656.0000 	 -109.3564 	 307.8298 	 171.3789 	 368.9021
657.0000 	 210.3492 	 -221.2793 	 148.8145 	 339.6425
658.0000 	 -144.1220 	 224.9711 	 -177.1657 	 320.5789
659.0000 	 23.8750 	 -96.4989 	 -180.9550 	 206.4625
660.0000 	 -173.1330 	 141.7239 	 -309.7714 	 382.1244
661.0000 	 -84.4396 	 290.6062 	 47.4113 	 306.3165
662.0000 	 175.5167 	 -47.8463 	 -273.1605 	 328.1951
663.0000 	 108.1365 	 14.4281 	 181.1703 	 211.4813
664.0000 	 67.0096 	 164.1467 	 -223.6564 	 285.4061
665.0000 	 348.8139 	 -160.3113 	 137.1727 	 407.6607
666.0000 	 12.7244 	 -170.1649 	 -151.2903 	 228.0499
667.0000 	 -74.1975 	 234.2228 	 -122.8514 	 274.6963
668.0000 	 47.6083 	 150.1284 	 92.6017 	 182.7024
669.0000 	 -119.1981 	 -129.6489 	 -158.8798 	 237.1915
670.0000 	 -141.2398 	 -144.7649 	 226.4078 	 303.5886
671.0000 	 -168.1560 	 -191.6241 	 -396.2671 	 471.1941
672.0000 	 101.7971 	 -203.0874 	 -127.3199 	 260.4180
673.0000 	 -114.5383 	 -85.8662 	 -59.3278 	 154.9574
674.0000 	 -318.2978 	 -37.8801 	 47.6962 	 324.0730
675.0000 	 40.5804 	 -15.8575 	 -138.4228 	 145.1175
676.0000 	 -11.7655 	 -78.3514 	 -151.7233 	 171.1646
677.0000 	 111.3457 	 143.0156 	 -82.6535 	 199.2058
678.0000 	 355.8335 	 50.4851 	 45.8553 	 362.3105
679.0000 	 149.5034 	 -197.4882 	 172.0887 	 301.6080
680.0000 	 -202.6039 	 -49.8752 	 23.3566 	 209.9558
681.0000 	 174.8007 	 -43.1027 	 46.1497 	 185.8572
682.0000 	 -277.0477 	 -74.0596 	 -171.2899 	 334.0366
683.0000 	 77.2677 	 100.7539 	 451.4010 	 468.9185
684.0000 	 -178.7211 	 128.1856 	 -178.5072 	 283.2624
685.0000 	 108.2239 	 121.6860 	 -22.1373 	 164.3471
686.0000 	 320.8589 	 -251.2643 	 111.8933 	 422.6160
687.0000 	 -89.2664 	 -104.4136 	 -178.7832 	 225.4642
688.0000 	 14.6831 	 286.6852 	 -322.8381 	 432.0052
689.0000 	 -160.8618 	 -11.8509 	 71.4570 	 176.4173
690.0000 	 90.4721 	 -154.2591 	 -269.3820 	 323.3384
691.0000 	 -82.9614 	 -140.8649 	 -209.2493 	 265.5387
692.0000 	 -63.2569 	 -35.2843 	 265.3530 	 275.0611
693.0000 	 -191.2731 	 259.0591 	 -114.9917 	 341.9359
694.0000 	 63.0173 	 160.3141 	 198.6102 	 262.9027
695.0000 	 252.1923 	 81.1934 	 -128.1808 	 294.3189
696.0000 	 -48.5753 	 128.1763 	 -11.7217 	 137.5723
697.0000 	 -298.3063 	 -59.3003 	 -38.4565 	 306.5650
698.0000 	 -173.6561 	 30.7098 	 -15.2494 	 177.0087
699.0000 	 178.9173 	 -88.0817 	 -242.9225 	 314.2947
700.0000 	 98.1392 	 30.4296 	 57.6722 	 117.8277
701.0000 	 134.1161 	 -73.9093 	 367.2690 	 397.9148
702.0000 	 23.6069 	 263.5261 	 102.9469 	 283.9038
703.0000 	 50.1062 	 -242.0849 	 -188.1400 	 310.6644
704.0000 	 -64.8302 	 -42.6987 	 49.3198 	 91.9705
705.0000 	 -232.9192 	 309.5183 	 165.8204 	 421.3660
706.0000 	 7.8502 	 28.8575 	 -16.1488 	 33.9877
707.0000 	 116.6753 	 267.6322 	 210.1600 	 359.7323
708.0000 	 -210.6541 	 -317.4598 	 -0.8975 	 380.9943
709.0000 	 -7.7313 	 -286.9619 	 171.5854 	 334.4375
710.0000 	 -48.0354 	 -42.9620 	 3.7032 	 64.5511
711.0000 	 -66.3731 	 60.0096 	 -24.1903 	 92.6915
712.0000 	 -6.5170 	 -90.3616 	 -243.2877 	 259.6085
713.0000 	 -117.0874 	 22.7552 	 -154.8043 	 195.4268
714.0000 	 -71.5767 	 283.7138 	 100.2591 	 309.3035
715.0000 	 -48.8580 	 72.7384 	 -406.9970 	 416.3226
716.0000 	 128.5303 	 326.4552 	 -22.0522 	 351.5385
717.0000 	 -62.4819 	 -362.5014 	 69.9002 	 374.4293
718.0000 	 -61.3630 	 182.8621 	 322.4897 	 375.7706
719.0000 	 -141.3642 	 151.1580 	 -40.0971 	 210.8088
720.0000 	 -191.6926 	 -40.2757 	 92.0044 	 216.4093
721.0000 	 -256.6393 	 -10.9047 	 -46.4797 	 261.0421
722.0000 	 -33.1536 	 -342.5913 	 -226.3154 	 411.9303
723.0000 	 250.6915 	 -110.4023 	 -137.5252 	 306.5095
724.0000 	 80.7827 	 37.3058 	 251.6788 	 266.9453
725.0000 	 -149.2842 	 -1.9446 	 17.5798 	 150.3283
726.0000 	 -165.9715 	 -179.9046 	 -241.1200 	 343.5856
727.0000 	 142.5504 	 142.1777 	 269.8629 	 336.6913
728.0000 	 257.2509 	 -81.9196 	 -157.1323 	 312.3770
729.0000 	 156.9958 	 354.7834 	 110.0891 	 403.2847
730.0000 	 -138.2329 	 36.9884 	 -130.5209 	 193.6806
731.0000 	 74.1897 	 22.9499 	 -64.5414 	 100.9773
732.0000 	 -32.5336 	 -44.1188 	 27.8803 	 61.4997
733.0000 	 9.2297 	 -382.6976 	 -367.2568 	 530.4905
734.0000 	 20.5860 	 -170.2686 	 18.3929 	 172.4920
735.0000 	 176.5145 	 71.7967 	 12.1755 	 190.9461
736.0000 	 -111.3762 	 -246.3840 	 56.6101 	 276.2507
737.0000 	 -45.9050 	 285.3568 	 -7.9153 	 289.1340
738.0000 	 35.3172 	 61.4205 	 42.1236 	 82.4268
739.0000 	 290.5631 	 395.3804 	 78.2457 	 496.8652
740.0000 	 89.9535 	 -7.4895 	 253.5333 	 269.1224
741.0000 	 90.0813 	 186.5688 	 357.2431 	 412.9711
742.0000 	 -110.7709 	 -14.3132 	 -19.1983 	 113.3298
743.0000 	 -73.0609 	 11.3190 	 120.3047 	 141.2064
744.0000 	 135.4873 	 -225.2016 	 96.1224 	 279.8430
745.0000 	 -50.0321 	 290.4931 	 223.9743 	 370.2080
746.0000 	 -216.9039 	 -35.2986 	 28.3877 	 221.5833
747.0000 	 -341.5447 	 -105.9578 	 -202.2421 	 410.8305
748.0000 	 26.5517 	 -216.2576 	 433.0401 	 484.7639
749.0000 	 -29.9960 	 -174.4138 	 14.0599 	 177.5320
750.0000 	 -125.9296 	 -99.7779 	 189.0684 	 248.1144
751.0000 	 28.7773 	 -47.1331 	 79.4940 	 96.7934
752.0000 	 -0.5638 	 -292.7357 	 208.7274 	 359.5298
753.0000 	 252.6399 	 -109.1858 	 336.7714 	 434.9292
754.0000 	 11.3046 	 59.6911 	 -79.0742 	 99.7173
755.0000 	 126.7581 	 -328.0952 	 299.3382 	 461.8631
756.0000 	 -63.2094 	 156.1918 	 11.1756 	 168.8674
757.0000 	 26.6121 	 -56.1041 	 -109.7920 	 126.1355
758.0000 	 -109.1209 	 -443.3820 	 -37.5072 	 458.1504
759.0000 	 -52.4095 	 -30.2217 	 19.7601 	 63.6441
760.0000 	 -71.2572 	 -101.8424 	 -152.6663 	 196.8666
761.0000 	 68.3228 	 -49.6326 	 76.3713 	 113.8594
762.0000 	 -65.5953 	 43.9799 	 -42.7256 	 89.7912
763.0000 	 -23.8812 	 -45.7011 	 -217.3933 	 223.4250
764.0000 	 -319.5978 	 -95.0472 	 -163.6481 	 371.4263
765.0000 	 357.4951 	 -509.4792 	 294.1366 	 688.3953
766.0000 	 -37.5071 	 287.3232 	 -28.4239 	 291.1517
767.0000 	 95.5887 	 -250.3344 	 -157.3981 	 310.7711
768.0000 	 79.5776 	 62.7534 	 23.0569 	 103.9336
769.0000 	 79.6564 	 250.5375 	 -255.8116 	 366.8157
770.0000 	 60.4699 	 -118.2936 	 13.4840 	 133.5358
771.0000 	 421.8418 	 -219.4293 	 -366.2022 	 600.1698
772.0000 	 -177.6928 	 138.7236 	 -254.7570 	 340.1765
773.0000 	 136.6336 	 42.0676 	 -112.3964 	 181.8554
774.0000 	 78.6252 	 51.8525 	 -150.0893 	 177.1931
775.0000 	 44.0641 	 -140.3985 	 98.9467 	 177.3240
776.0000 	 -296.9504 	 44.6554 	 130.6899 	 327.4958
777.0000 	 259.3444 	 -128.2614 	 151.3889 	 326.5411
778.0000 	 -62.3429 	 -134.7194 	 167.3140 	 223.6737
779.0000 	 58.3657 	 -40.3240 	 -255.3896 	 265.0593
780.0000 	 -108.1994 	 -69.1201 	 -122.0703 	 177.1606
781.0000 	 218.3152 	 141.7936 	 61.4486 	 267.4751
782.0000 	 49.4950 	 167.6888 	 271.5122 	 322.9368
783.0000 	 166.5932 	 -88.6709 	 261.5050 	 322.4914
784.0000 	 11.1447 	 -84.6006 	 208.5546 	 225.3364
785.0000 	 -233.1371 	 -201.0200 	 382.3158 	 490.8435
786.0000 	 -140.5558 	 215.3164 	 12.2166 	 257.4225
787.0000 	 -43.8940 	 -85.8375 	 -243.9574 	 262.3166
788.0000 	 -435.8470 	 140.6388 	 -186.2472 	 494.3985
789.0000 	 -148.5501 	 -180.0263 	 155.0373 	 280.2020
790.0000 	 206.8374 	 134.1187 	 37.8427 	 249.4024
791.0000 	 176.8634 	 135.2510 	 143.6167 	 264.9514
792.0000 	 -182.1271 	 -54.4433 	 102.7590 	 216.0874
793.0000 	 -217.0703 	 -109.9584 	 35.4329 	 245.8981
794.0000 	 151.5374 	 -61.2818 	 -28.6745 	 165.9556
795.0000 	 40.4940 	 -52.6593 	 -42.5502 	 78.8878
796.0000 	 76.8493 	 157.3356 	 -204.8534 	 269.4906
797.0000 	 -50.8376 	 123.9326 	 -167.7583 	 214.6779
798.0000 	 -168.9044 	 431.4822 	 -93.6973 	 472.7418
799.0000 	 -180.3122 	 -125.4261 	 -105.5401 	 243.6861
800.0000 	 -0.4553 	 -162.7312 	 97.2155 	 189.5587
801.0000 	 20.6958 	 -15.5361 	 -116.6359 	 119.4723
802.0000 	 72.5390 	 244.7494 	 -161.8586 	 302.2621
803.0000 	 108.6218 	 102.0014 	 9.6905 	 149.3214
804.0000 	 221.8168 	 23.6702 	 73.5586 	 234.8911
805.0000 	 -300.8189 	 -51.6004 	 -90.3221 	 318.2965
806.0000 	 -165.3464 	 38.1293 	 -41.1080 	 174.5942
807.0000 	 -127.5549 	 111.8145 	 209.3138 	 269.4160
808.0000 	 271.5978 	 -173.1105 	 124.6607 	 345.3590
809.0000 	 -73.1866 	 -94.7454 	 -310.5577 	 332.8349
810.0000 	 105.1264 	 205.9654 	 142.5708 	 271.6610
811.0000 	 24.6617 	 5.3149 	 347.9456 	 348.8590
812.0000 	 286.1739 	 173.0262 	 104.7514 	 350.4374
813.0000 	 41.8380 	 -242.6653 	 -195.4872 	 314.4075
814.0000 	 -246.5903 	 102.0723 	 -63.3458 	 274.2959
815.0000 	 -136.4739 	 -309.5519 	 -105.6107 	 354.4025
816.0000 	 -270.0555 	 165.3113 	 101.1348 	 332.3944
817.0000 	 112.3576 	 -312.2194 	 29.2142 	 333.1046
818.0000 	 -9.8977 	 17.2687 	 225.4838 	 226.3606
819.0000 	 -189.8607 	 62.0504 	 -39.7289 	 203.6559
820.0000 	 57.0250 	 -19.0047 	 -411.4432 	 415.8107
821.0000 	 196.1131 	 283.3023 	 290.8723 	 450.9182
822.0000 	 43.8656 	 13.4681 	 -110.3555 	 119.5153
823.0000 	 -313.0939 	 79.7181 	 3.8837 	 323.1065
824.0000 	 14.0003 	 253.3392 	 173.3417 	 307.2851
825.0000 	 -17.1126 	 -52.6989 	 215.7049 	 222.7075
826.0000 	 94.4319 	 395.3403 	 53.3355 	 409.9464
827.0000 	 205.6962 	 59.9883 	 -306.8408 	 374.2470
828.0000 	 -32.1874 	 139.6201 	 -7.0682 	 143.4565
829.0000 	 -64.4722 	 -103.0257 	 -105.2020 	 160.7434
830.0000 	 70.5200 	 -252.9107 	 56.8137 	 268.6349
831.0000 	 192.8949 	 38.6911 	 -25.8134 	 198.4232
832.0000 	 14.9624 	 -124.3245 	 -454.0998 	 471.0489
833.0000 	 -139.7671 	 -48.0971 	 -264.6589 	 303.1378
834.0000 	 -230.7504 	 -242.1955 	 -210.4451 	 395.2107
835.0000 	 -130.3864 	 22.1576 	 286.3582 	 315.4245
836.0000 	 12.2117 	 257.2375 	 96.0721 	 274.8638
837.0000 	 -115.7637 	 274.0904 	 120.1530 	 320.8793
838.0000 	 183.1565 	 -122.4371 	 -33.1520 	 222.7919
839.0000 	 115.1783 	 -70.8493 	 -179.7383 	 224.9256
840.0000 	 -266.7296 	 -113.6770 	 -2.3157 	 289.9526
841.0000 	 22.4543 	 -438.7330 	 -69.0982 	 444.7083
842.0000 	 257.3851 	 92.2590 	 -260.5769 	 377.7024
843.0000 	 -356.6155 	 127.4031 	 141.7907 	 404.3646
844.0000 	 -240.8511 	 462.2569 	 11.6127 	 521.3689
845.0000 	 -268.6528 	 54.1111 	 -279.6329 	 391.5315
846.0000 	 -91.1756 	 -275.9517 	 135.6470 	 320.7218
847.0000 	 -273.2204 	 234.4607 	 -218.4734 	 421.1316
848.0000 	 210.2784 	 14.3709 	 -9.0070 	 210.9612
849.0000 	 58.8705 	 -90.7311 	 366.4763 	 382.1031
850.0000 	 20.8712 	 249.4190 	 184.4097 	 310.8896
851.0000 	 79.9195 	 -27.3195 	 132.3036 	 156.9641
852.0000 	 -96.8446 	 -48.3061 	 -154.0174 	 188.2384
853.0000 	 73.6154 	 -135.2903 	 75.2658 	 171.4282
854.0000 	 40.3219 	 -304.0046 	 167.6303 	 349.4919
855.0000 	 -150.1668 	 -28.0470 	 -231.0047 	 276.9475
856.0000 	 -163.1731 	 72.7950 	 -32.4953 	 181.6054
857.0000 	 35.3751 	 279.2002 	 -95.6457 	 297.2411
858.0000 	 156.9779 	 -264.7835 	 262.1453 	 404.3173
859.0000 	 433.0005 	 105.8249 	 174.7451 	 478.7737
860.0000 	 -127.1225 	 -34.8153 	 -264.6483 	 295.6535
861.0000 	 64.7599 	 -16.2947 	 386.7846 	 392.5069
862.0000 	 -82.3092 	 -82.1970 	 -227.7681 	 255.7528
863.0000 	 125.0905 	 -62.2515 	 -89.0477 	 165.6876
864.0000 	 -128.2014 	 -36.6927 	 115.7827 	 176.6001
865.0000 	 19.5397 	 130.6788 	 85.5976 	 157.4347
866.0000 	 -64.9046 	 5.6095 	 166.6117 	 178.8953
867.0000 	 117.8527 	 -244.1610 	 -257.9015 	 374.1885
868.0000 	 -46.8989 	 -126.3521 	 -62.8615 	 148.7143
869.0000 	 -13.9235 	 237.7362 	 -19.6902 	 238.9562
870.0000 	 -40.9594 	 187.3623 	 14.1863 	 192.3111
871.0000 	 12.4433 	 -80.7420 	 -37.2149 	 89.7723
872.0000 	 364.7480 	 -246.5338 	 28.1850 	 441.1513
873.0000 	 21.2980 	 93.6148 	 -120.3506 	 153.9532
874.0000 	 4.2104 	 272.0280 	 -186.2393 	 329.6999
875.0000 	 -48.4372 	 -135.7694 	 -101.8605 	 176.5080
876.0000 	 191.3069 	 -51.4904 	 25.0408 	 199.6914
877.0000 	 -79.0455 	 -185.1158 	 -319.8123 	 377.8835
878.0000 	 -51.1882 	 -280.5201 	 61.3873 	 291.6850
879.0000 	 33.6256 	 156.6506 	 229.9877 	 280.2935
880.0000 	 -28.9249 	 -134.5475 	 -209.7302 	 250.8514
881.0000 	 -163.7347 	 -141.6826 	 -174.9705 	 278.3841
882.0000 	 -56.1802 	 -136.9461 	 -15.9096 	 148.8743
883.0000 	 -240.8831 	 -59.2789 	 150.7857 	 290.3016
884.0000 	 -157.4819 	 -185.2564 	 56.1237 	 249.5403
885.0000 	 6.5993 	 -105.8241 	 28.3818 	 109.7625
886.0000 	 -86.0227 	 32.4431 	 -106.5257 	 140.7132
887.0000 	 -116.7860 	 -19.3048 	 160.5228 	 199.4472
888.0000 	 -3.2574 	 -13.8332 	 23.4180 	 27.3929
889.0000 	 92.9375 	 -200.6425 	 2.6333 	 221.1374
890.0000 	 48.0461 	 -80.9339 	 -54.7138 	 108.8684
891.0000 	 -6.3727 	 135.5689 	 -219.2390 	 257.8474
892.0000 	 -72.7355 	 -11.6100 	 116.2019 	 137.5795
893.0000 	 42.9021 	 -243.4824 	 -20.9344 	 248.1179
894.0000 	 -265.8843 	 171.9934 	 212.8272 	 381.5385
895.0000 	 102.2447 	 115.7656 	 -41.6869 	 159.9796
896.0000 	 -98.5011 	 85.6125 	 125.0300 	 180.7332
897.0000 	 -49.0553 	 124.6960 	 -91.8100 	 162.4333
898.0000 	 -160.9041 	 45.4658 	 -46.5877 	 173.5733
899.0000 	 79.7203 	 -7.1119 	 -55.8297 	 97.5851
900.0000 	 28.4897 	 -80.9729 	 -119.9139 	 147.4707
901.0000 	 54.8313 	 -200.1704 	 21.8266 	 208.6889
902.0000 	 -119.5500 	 -191.3965 	 192.1265 	 296.3738
903.0000 	 -222.0329 	 -234.2522 	 -107.9701 	 340.3384
904.0000 	 -180.0209 	 202.6806 	 166.7544 	 318.2672
905.0000 	 323.2153 	 -282.9295 	 96.3081 	 440.2187
906.0000 	 31.1886 	 -165.8985 	 -125.0934 	 210.1033
907.0000 	 -12.1205 	 -23.4549 	 134.1326 	 136.7063
908.0000 	 294.5207 	 89.8756 	 -52.8866 	 312.4373
909.0000 	 -217.5290 	 -235.8570 	 -167.4667 	 361.9288
910.0000 	 -159.6448 	 -108.4155 	 125.8710 	 230.3994
911.0000 	 6.4627 	 -48.2705 	 41.5157 	 63.9950
912.0000 	 117.8147 	 -226.1194 	 160.1915 	 301.1173
913.0000 	 -369.9889 	 -10.4674 	 -215.5481 	 428.3251
914.0000 	 -75.6008 	 24.1360 	 22.3474 	 82.4465
915.0000 	 -56.8064 	 64.4626 	 -38.8544 	 94.2977
916.0000 	 215.5296 	 -43.4072 	 270.5224 	 348.5966
917.0000 	 -173.4009 	 372.8824 	 -57.9552 	 415.2927
918.0000 	 -29.4421 	 -65.2228 	 -152.6647 	 168.6041
919.0000 	 -109.0869 	 -350.1478 	 -51.8451 	 370.3935
920.0000 	 -54.6482 	 -128.0694 	 127.5361 	 188.8217
921.0000 	 125.2374 	 162.2976 	 -53.2375 	 211.7998
922.0000 	 158.6966 	 -68.5930 	 -26.9054 	 174.9672
923.0000 	 -37.0961 	 -167.7179 	 -270.0435 	 320.0451
924.0000 	 -74.4673 	 -69.1250 	 -172.4854 	 200.1871
925.0000 	 1.8031 	 31.4392 	 106.7399 	 111.2883
926.0000 	 156.6895 	 -53.1044 	 -391.8179 	 425.3151
927.0000 	 86.0137 	 -26.9647 	 -72.7065 	 115.8088
928.0000 	 -146.2451 	 351.9702 	 -22.7499 	 381.8222
929.0000 	 87.0669 	 68.3326 	 98.0407 	 147.8580
930.0000 	 -284.8901 	 -125.2533 	 159.3642 	 349.6394
931.0000 	 -8.1547 	 -137.5121 	 -143.1176 	 198.6422
932.0000 	 225.4804 	 100.0081 	 106.1221 	 268.5236
933.0000 	 263.3991 	 -317.5017 	 -100.5936 	 424.6239
934.0000 	 203.7949 	 147.9871 	 -69.1275 	 261.1726
935.0000 	 92.7319 	 72.5361 	 -270.6333 	 295.1323
936.0000 	 406.2374 	 -64.0779 	 264.5110 	 488.9794
937.0000 	 124.4420 	 -354.8292 	 -121.2277 	 395.0769
938.0000 	 -45.9097 	 174.9814 	 -349.9454 	 393.9391
939.0000 	 -7.3687 	 322.9747 	 -86.0635 	 334.3260
940.0000 	 112.3272 	 324.3069 	 67.0098 	 349.6894
941.0000 	 -340.4785 	 111.7808 	 -111.3847 	 375.2694
942.0000 	 -203.6695 	 0.6621 	 137.1374 	 245.5369
943.0000 	 -90.0881 	 101.6583 	 94.4085 	 165.4184
944.0000 	 158.4815 	 -262.3404 	 116.3556 	 327.8376
945.0000 	 166.5720 	 -78.6407 	 82.0619 	 201.6550
946.0000 	 262.6212 	 -81.4870 	 7.2129 	 275.0673
947.0000 	 35.4145 	 -202.0429 	 -45.1037 	 210.0235
948.0000 	 -239.2329 	 110.9751 	 38.0534 	 266.4506
949.0000 	 -30.4936 	 59.7235 	 239.8862 	 249.0827
950.0000 	 114.2734 	 -57.1513 	 -326.9435 	 351.0224
951.0000 	 156.9803 	 42.8130 	 -6.4827 	 162.8428
952.0000 	 -1.4805 	 72.9288 	 379.9521 	 386.8907
953.0000 	 33.7844 	 -11.8273 	 -248.0017 	 250.5716
954.0000 	 -1.0598 	 -330.3749 	 207.6656 	 390.2226
955.0000 	 -143.2668 	 -97.8883 	 102.6070 	 201.5829
956.0000 	 -86.0242 	 -116.2769 	 94.7719 	 172.9225
957.0000 	 -221.4971 	 -116.8373 	 236.0686 	 344.1515
958.0000 	 37.4151 	 -55.5351 	 -13.2555 	 68.2623
959.0000 	 -122.6121 	 -95.1443 	 525.1240 	 547.5778
960.0000 	 -328.3332 	 -17.1497 	 267.1746 	 423.6497
961.0000 	 276.9249 	 58.1340 	 -47.5302 	 286.9252
962.0000 	 195.9326 	 -73.9246 	 19.5775 	 210.3276
963.0000 	 -107.4208 	 -90.1702 	 280.4481 	 313.5619
964.0000 	 -220.8238 	 204.3027 	 -226.0893 	 376.3232
965.0000 	 8.7649 	 -14.4748 	 136.7901 	 137.8328
966.0000 	 -118.6363 	 -112.6286 	 -32.0428 	 166.6928
967.0000 	 120.4422 	 -77.3027 	 177.6075 	 228.0931
968.0000 	 87.9376 	 -120.3596 	 26.2082 	 151.3483
969.0000 	 18.9558 	 223.4922 	 193.0176 	 295.9120
970.0000 	 -22.0212 	 -18.1466 	 -127.2278 	 130.3884
971.0000 	 -303.2872 	 -65.5470 	 -8.9836 	 310.4195
972.0000 	 111.9220 	 -166.0288 	 88.3549 	 218.8577
973.0000 	 222.2682 	 -244.8421 	 245.0644 	 411.5913
974.0000 	 -110.5412 	 -42.8255 	 30.3353 	 122.3667
975.0000 	 -247.3397 	 185.0154 	 161.4013 	 348.5083
976.0000 	 114.3020 	 -1.8261 	 -183.8976 	 216.5332
977.0000 	 128.8892 	 -14.7250 	 232.4052 	 266.1605
978.0000 	 46.7205 	 -353.2168 	 -11.5277 	 356.4797
979.0000 	 -283.4292 	 -178.1519 	 -165.2942 	 373.3529
980.0000 	 185.4400 	 0.2796 	 -155.1734 	 241.7992
981.0000 	 96.5336 	 -65.4144 	 -241.8272 	 268.4738
982.0000 	 29.5216 	 -120.9761 	 29.4076 	 127.9513
983.0000 	 38.7432 	 -83.7198 	 13.8662 	 93.2862
984.0000 	 248.8852 	 31.3599 	 41.5562 	 254.2719
985.0000 	 116.6146 	 298.9654 	 -372.4207 	 491.6060
986.0000 	 -72.5232 	 59.9703 	 101.2967 	 138.2645
987.0000 	 -121.0139 	 226.7982 	 -84.6050 	 270.6285
988.0000 	 401.0496 	 116.9452 	 4.7343 	 417.7791
989.0000 	 -254.3187 	 -90.9693 	 -249.5434 	 367.7299
990.0000 	 138.6432 	 337.8567 	 -147.0157 	 393.6785
991.0000 	 10.6101 	 -490.5074 	 -19.7698 	 491.0203
992.0000 	 -506.2409 	 293.3494 	 -112.3673 	 595.7853
993.0000 	 36.6320 	 37.8456 	 174.1633 	 181.9534
994.0000 	 65.2822 	 -218.4214 	 126.0770 	 260.5092
995.0000 	 -77.3005 	 -276.0504 	 -81.2617 	 297.9641
996.0000 	 -20.4043 	 139.0332 	 -2.6703 	 140.5478
997.0000 	 227.3044 	 -126.7167 	 47.6112 	 264.5585
998.0000 	 -218.9899 	 111.7404 	 99.3266 	 265.1571
999.0000 	 178.8118 	 212.1800 	 159.6527 	 320.1296
1000.0000 	 -72.2663 	 4.1955 	 52.7298 	 89.5570
